2.88842859784507
2.89603077071753
2.9023020618684
2.90764985347048
2.91037198267889
2.91371991825349
2.91669804345757
2.92437730870003
2.92818753626937
2.93732964528992
2.939937459553
2.94345522733387
2.94677176810308
2.9499507670225
2.95311388083524
2.96166899893736
2.9679579275555
2.97133501374212
2.97443945680403
2.98318365155388
2.98973552865951
2.99235117680388
2.9943458088071
3.00569760831105
3.01652340614414
3.02810547864039
3.03291688350632
3.04013464286596
3.04370894123118
3.04885286526903
3.05213218637956
3.05609222746199
3.07146718665466
3.07689815028118
3.08127464741747
3.08376005953103
3.08593261354952
3.09127992378958
3.09491902870907
3.09855796355046
3.10210008466714
3.10905963802751
3.11740781522474
3.12884053479199
3.134499831496
3.1420495237987
3.14671184633762
3.15262991932827
3.15675035165325
3.1673212296422
3.17089198415711
3.17734933529653
3.18868681533016
3.19546184266273
3.19777947879641
3.20404452665892
3.20647733802167
3.20891634390949
3.21492256425667
3.2288248276803
3.23142540899263
3.23718184695772
3.2451334915012
3.25434193840825
3.2579975510169
3.26350564525827
3.28630905101759
3.29639490089666
3.30331004231688
3.31778397320368
3.33075088933258
3.33583946985011
3.34333966737083
3.35311280603198
3.36209641254137
3.37490439311822
3.39089971442725
3.41034820243126
3.42292538341244
3.42694283687816
3.43415061951357
3.47240635994811
3.49550744373011
3.51222377772004
3.52787528455882
3.56510480641518
3.57907335385787
3.59977097531043
3.62040541487512
3.6240804896268
3.64560878693723
3.66371086949134
3.68115395234269
3.74421368123747
3.77594580273419
3.81566847551001
3.87090508500236
4.01292293716903
4.1593018649132
4.29498365268929
