1.06357308366017
1.07041757800678
1.07590633303509
1.07975484964031
1.08507146699814
1.08983772258531
1.09533305130322
1.10807700470297
1.11378737457408
1.11954092025901
1.12552323771808
1.13274463212172
1.14608748556709
1.14956266389991
1.15426044741924
1.1622748324513
1.16576601040346
1.17131381729622
1.17554051615671
1.18431204234915
1.18832615639198
1.19157419981231
1.20907274573619
1.21608686677437
1.21965217608011
1.22755847770171
1.23246899791062
1.23710179386578
1.24278852847886
1.24687666155371
1.25026240879663
1.25411377462799
1.2687454197863
1.27344211495258
1.27631087197781
1.28508464212763
1.29085781300617
1.29558742202703
1.3036051331077
1.30553937491611
1.31148787292082
1.32368522915421
1.33114172913715
1.33816835152621
1.34419806886583
1.3520395938313
1.36071578117483
1.36723014563596
1.37732276643211
1.3828512237834
1.39548192903271
1.41236230243715
1.42122228264041
1.43994947781798
1.45562590060802
1.46631796711889
1.47548260858391
1.48007334942919
1.48175456838638
1.49572845344049
1.51412547304728
1.52154098885026
1.5281852125157
1.53470183963958
1.54113887521859
1.55080955449812
1.56095945139728
1.5718640310146
1.58048284469929
1.58801436951948
1.60016828123755
1.61452742489524
1.63544263821378
1.6562858242375
1.6713072398935
1.6791121899776
1.68521911167632
1.69423083324487
1.71369051251222
1.72140816803302
1.7616039640648
1.76640133265658
1.79834569647093
1.82710410436634
1.85876319108509
1.87784162786284
1.90786956632774
1.94843437211133
1.9751109119159
1.9976600137965
2.04025928765777
2.05457472548615
2.08586716892232
2.20739188707962
2.24165502805028
2.27912861777439
2.39287369589944
2.51446760968028
2.68456927843597
2.83458315901775
