0.890533017967347
0.898485442575362
0.909692230069882
0.915923050075884
0.92064038357065
0.926330679332708
0.931896329782181
0.940540579408813
0.946553662359101
0.955402044360895
0.957623921408582
0.960610304052158
0.966215347298356
0.969989976741414
0.975617819923116
0.979185109833992
0.991337159048739
0.999639594689321
1.01056675196082
1.01601422734044
1.02113177476881
1.02796716351105
1.03529526061951
1.03919604497577
1.04435916706572
1.04691924604815
1.05508280070155
1.06270012610589
1.06857861781664
1.07569448265127
1.08892402877599
1.09512394713652
1.09704008081752
1.10486791725967
1.1090803366443
1.11406049798162
1.11800124351362
1.12749607322103
1.1327738150542
1.14409687891594
1.15033020914713
1.15791458473383
1.16759600814409
1.17253937356031
1.17883943880334
1.18223096669976
1.18763002571041
1.19828615381884
1.20270316407897
1.21280756430547
1.21615359478034
1.22351996793467
1.23185807903604
1.23872458668133
1.24574304802788
1.25140973517454
1.25683851988295
1.27058851484362
1.27668180241594
1.28928743244994
1.30441291144293
1.31084862936691
1.32075427256336
1.33372848114969
1.35046691282395
1.35865215180054
1.37586490540211
1.39794512719413
1.40555169319701
1.41416799499387
1.44554862603212
1.44934707161147
1.46665158328994
1.4775035778715
1.48845095537919
1.51732139436238
1.52961070015231
1.54305616249471
1.55709571516703
1.57064422683936
1.59593480904685
1.60638458014663
1.6315055458182
1.6466789170458
1.67360868350681
1.6816143684881
1.70410756288771
1.72120924129061
1.73833275294364
1.75745674405291
1.77272230292918
1.79452462502189
1.82760950119666
1.91940315045413
1.97258580610848
2.04249272365952
2.11654918319209
2.15764249749201
2.23110954260778
2.4661450577043
