0.948029068809709
0.953351815861249
0.957800070273168
0.962061237002901
0.965722530000947
0.970791640639423
0.973243381796286
0.977119066906355
0.988206431764336
0.993341940047209
0.999757950340763
1.00656699666908
1.01514657580932
1.02564422072096
1.02877354676118
1.03899332879852
1.04497631822815
1.05501980317552
1.06223548928962
1.06643140253015
1.07236589356237
1.07647195977376
1.08448358009098
1.09752046020911
1.10565095731283
1.11302113332321
1.11927081711812
1.12404525157787
1.13140523654105
1.13661372365382
1.1457622482058
1.15809750422556
1.16588301708233
1.17099248479585
1.17568656509528
1.17816431803623
1.18184017127553
1.18833091506976
1.19492292898072
1.20545611342029
1.2156247344562
1.22144402279564
1.22967636977991
1.23668611738526
1.24919340104546
1.25795293103868
1.26409336931447
1.27477027978974
1.28430894755306
1.29191138401247
1.30031889869565
1.31401160474358
1.32039888191842
1.34062368187857
1.35296515174528
1.36210358797219
1.37934706659411
1.38784297349765
1.3988920636675
1.41422010804678
1.41823161538496
1.42278181892778
1.43129494405873
1.43782654881282
1.45240603937021
1.46658176746776
1.4800642251289
1.49575202157837
1.49963537239974
1.51598521033053
1.52618497881959
1.53793463519247
1.54864831114437
1.55658289513657
1.56394474785466
1.58102846848616
1.59921671331651
1.60985146994889
1.62395723703152
1.63637773683991
1.64731289906455
1.65604264955527
1.67799770874384
1.70096532244206
1.72294268065433
1.74618965894286
1.78272983205659
1.81342776301329
1.84769539721677
1.86656426489229
1.89668964063528
1.91291543083112
1.93962460446677
2.00412381712603
2.06278856730042
2.08169154469559
2.18634879910775
2.25248431014152
2.32983834478555
2.64784707404279
