1.11694764450655
1.12282600870933
1.12704452696155
1.13181736396616
1.1369557309315
1.14172926974545
1.14597842672193
1.15020258882968
1.15558241373094
1.16056209391508
1.16515859750946
1.16972906025787
1.17796809026701
1.18248115083739
1.19102352506826
1.19423448418345
1.19730026727274
1.20113463936172
1.20843512792717
1.21192492112355
1.21784238050935
1.22341206440089
1.22896771063385
1.23852832784103
1.24476462248261
1.2522402103049
1.25622917866871
1.26275551426971
1.27239021775113
1.27542525967231
1.27933313786686
1.28381377168416
1.29088398669188
1.30221133536153
1.30802595577175
1.31699390461082
1.32323807532215
1.3291366339993
1.3387106135125
1.34645923005227
1.35066127150691
1.35519814725281
1.36295304347495
1.37347045010477
1.38414320380367
1.39116038489141
1.40269438696717
1.40899457488607
1.42205774903065
1.43083878019698
1.43848202147627
1.44387275642547
1.45141706047875
1.46943817057236
1.48272076264529
1.4885104721891
1.49076590063197
1.49786898223634
1.51686343234596
1.52763315339418
1.53914722546427
1.55217575825108
1.57132378770205
1.57847597091143
1.59404713673113
1.60607205831141
1.61432215975117
1.6342109623711
1.64390120988927
1.65518532677727
1.66486141121331
1.67962427020526
1.69084594620252
1.70342938571986
1.71889081554798
1.72925202811828
1.74263549449582
1.7712627678497
1.78835284921849
1.79613196247992
1.81411778131999
1.83926751380149
1.8595873432169
1.87473163166282
1.88348561087936
1.90154494649011
1.91616794796737
1.92437932480337
1.94806033478991
1.98518455561838
2.0225834420705
2.04681532153671
2.09308235588084
2.1771643566492
2.21389385183236
2.23918264528651
2.3278711994864
2.43406654344108
2.51096126083187
2.7238466232809
