0.848226246108663
0.855991602529911
0.858938411325862
0.864558990920731
0.876053566790073
0.885277890335613
0.889410236221267
0.894568329211237
0.900920648799474
0.907679871395544
0.911004433186471
0.916288419263782
0.925489070959854
0.934211537379726
0.940454242384125
0.94648721296905
0.948822169548253
0.951183408379728
0.956740730187991
0.963026202347988
0.971437392519408
0.975357190122465
0.984558973067702
0.991678964273871
0.996345061451954
1.00706490701599
1.01579225540647
1.0231101416479
1.03157986751762
1.03908501914424
1.04445492735988
1.05211484537459
1.06069171132496
1.06849543097325
1.07440459250924
1.07890787849444
1.09136716718747
1.10099103619588
1.11312692262414
1.11608954057881
1.12925875724115
1.13787251659685
1.14456181451067
1.15213114266066
1.15795311801809
1.17300781718749
1.17683790537366
1.18854677479714
1.19844965206825
1.20984345136178
1.22108459010538
1.22609233680288
1.23915656672218
1.24492160617244
1.2585036988575
1.27064475036515
1.27553220737954
1.29747243757113
1.31010500967598
1.3177607979424
1.3285231965443
1.33894307331932
1.34650960574592
1.35998291051999
1.36683456339534
1.37596411970553
1.38146805108872
1.39376584522145
1.40155734983023
1.42233138790409
1.43076902930056
1.44030393333738
1.46003215118504
1.4707344616022
1.47951153588691
1.49975245731931
1.51392414731927
1.53159516741099
1.54228156249153
1.56300676232738
1.58132525176861
1.61090038075887
1.61989764770162
1.64057642105171
1.64649949322828
1.66519059336058
1.67382431781764
1.69788873595056
1.74887730175194
1.77186316236753
1.80041724566596
1.84000827695718
1.88680855702358
1.93739004902945
1.98613227297841
2.05083206151322
2.18912500017415
2.29086343015829
2.49488290368555
2.67141048292658
