0.737010274349548
0.738455908945615
0.742906064297514
0.749582876239447
0.755893256760832
0.76034474608197
0.76404367036804
0.76891638074178
0.774175308096401
0.779755329822873
0.783593048323519
0.785058521812041
0.792698328398909
0.797232507777515
0.804350065490026
0.814827465708188
0.822522641159243
0.825184382751071
0.834484523697986
0.841405737377386
0.851658689708087
0.856820005760809
0.860597804910562
0.868059343776845
0.874417798514666
0.877999437155907
0.882382357728014
0.88560446315095
0.887796298138938
0.891043864990382
0.896128440546395
0.905474188827983
0.910649886520814
0.917289477046835
0.919945306455501
0.9253304126877
0.929237456957841
0.932138819048829
0.938632140118542
0.94564688789034
0.949042026478393
0.96480321947651
0.977269857461469
0.979171838166562
0.988925950103769
1.00392847851118
1.01714587441228
1.0249422807663
1.03124010736817
1.03791781867893
1.05529225108455
1.06034017997283
1.06810298564725
1.07922344861499
1.0966616205862
1.1064075918022
1.11730211675224
1.12738632167496
1.13349320105697
1.14261939807755
1.15352194203745
1.15873959019719
1.16568209362094
1.18450918428536
1.19522937914801
1.21229810269768
1.22366117735431
1.23257191741996
1.244610599125
1.25737964957343
1.26708515046059
1.277331959225
1.31911534790077
1.3308042813176
1.34917419131621
1.36700865297333
1.3883115845522
1.41361804688042
1.43779290207568
1.45157958198056
1.46763902803348
1.48051937719284
1.50013712155708
1.52281387387981
1.5282251652168
1.54072266373357
1.55961198852414
1.5731794919826
1.59290000637152
1.63147342723749
1.6820688609186
1.71794122624926
1.74503994463331
1.81126702663302
1.85922396244319
1.93355190132294
1.96973728312479
2.02648597986403
2.09425724363913
2.44943444000148
