DATE	RKNANPATA666NRUG	RKNANPAUA666NRUG	RKNANPBEA666NRUG	RKNANPCAA666NRUG	RKNANPCHA666NRUG	RKNANPDEA666NRUG	RKNANPDKA666NRUG	RKNANPESA666NRUG	RKNANPFIA666NRUG	RKNANPFRA666NRUG	RKNANPGBA666NRUG	RKNANPGRA666NRUG	RKNANPIEA666NRUG	RKNANPISA666NRUG	RKNANPITA666NRUG	RKNANPJPA666NRUG	RKNANPLUA666NRUG	RKNANPNLA666NRUG	RKNANPNOA666NRUG	RKNANPNZA666NRUG	RKNANPPTA666NRUG	RKNANPSEA666NRUG	RKNANPTRA666NRUG	RKNANPUSA666NRUG
1950-01-01	336700.00000	639991.2500	715409.0625	741700.5000	691651.1250	1918304.625	251101.640625	760853.7500	101628.7578125	2593791.50	2162772.25		86886.4609375	8340.2490234375	1924604.000	972361.8125	38008.05078125	561767.8125	230437.750000	66947.8203125	200970.093750	571212.5000	160244.531250	10576814
1951-01-01	351388.15625	690113.5625	731287.0000	777442.5000	702278.5000	2051990.875	254378.687500	796258.5000	109726.5546875	2655761.25	2307417.25	464479.15625	93275.2421875	8616.2490234375	2001609.125	1025208.1875	39920.82421875	588476.9375	238632.890625	70915.0312500	208849.187500	594947.6250	164829.000000	10912329
1952-01-01	359218.62500	704562.4375	746504.3750	811696.8125	707798.2500	2209629.750	257754.046875	824298.3750	118960.8046875	2715599.25	2397405.75	454424.71875	97440.0625000	8932.7041015625	2075137.750	1064209.1250	42768.14062500	610409.9375	247351.718750	74368.4453125	218197.375000	613882.0625	173202.078125	11273330
1953-01-01	361311.18750	733107.3125	762698.2500	854122.3125	713657.1875	2367170.500	264377.343750	854186.0625	125378.4375000	2775167.75	2506864.00	448592.40625	102252.3046875	9344.7666015625	2167394.750	1099584.7500	46420.17968750	641546.3750	257547.234375	77048.9062500	230241.453125	630821.7500	182921.500000	11682796
1954-01-01	369493.37500	771454.2500	783743.3125	884597.4375	726833.0000	2552261.250	271738.093750	899272.3125	134408.7812500	2855737.50	2620023.50	440649.87500	106170.4921875	9818.3056640625	2268664.750	1143398.7500	49514.73437500	677658.2500	268053.562500	82362.5703125	241873.703125	654388.2500	193519.250000	12073594
1955-01-01	386548.43750	810403.5625	803018.3750	928225.5625	747444.9375	2808869.500	276585.718750	950117.7500	144646.0000000	2950121.25	2756357.00	435803.71875	111568.0781250	10598.1054687500	2398626.000	1199048.1250	52249.33984375	721008.1875	278909.937500	87113.9843750	251551.656250	680584.6250	205248.296875	12512253
1956-01-01	400126.65625	838407.6875	828550.5625	990494.3750	774207.0625	3062833.750	283528.187500	1007519.8125	155020.1406250	3061268.75	2887763.75	434393.21875	114324.0859375	11235.5429687500	2533390.000	1267903.1250	55113.95703125	770031.5625	288910.281250	91247.9531250	262945.656250	706131.3750	217377.234375	12946796
1957-01-01	414914.28125	867267.5625	852394.7500	1046541.5625	802370.3125	3313108.750	292237.312500	1067313.6250	164539.6875000	3189814.25	3022975.25	435075.31250	115483.8671875	11898.7480468750	2678227.000	1357632.5000	58728.16015625	819502.7500	298933.281250	95841.3750000	279380.281250	731604.2500	233713.734375	13370986
1958-01-01	429005.43750	905469.2500	866390.0000	1094171.6250	817642.8125	3556768.000	298865.250000	1134248.5000	173028.3750000	3332971.50	3138801.75	438519.53125	116416.7031250	12701.4677734375	2824836.500	1443924.2500	62139.00000000	857964.8125	309185.562500	100133.2421875	294309.968750	757497.2500	257229.140625	13754813
1959-01-01	443595.65625	947253.1250	887441.3125	1147582.7500	841324.1250	3847527.000	312319.093750	1171582.7500	182978.6875000	3465297.75	3272733.50	444000.15625	120507.1093750	13535.5722656250	2989312.250	1551703.8750	65038.15234375	903111.9375	317803.062500	104443.1875000	309538.281250	786654.0625	275472.093750	14239895
1960-01-01	467950.21875	989916.6875	912627.4375	1198070.1250	875999.5625	4206044.000	329005.781250	1219720.6250	196042.3906250	3638361.50	3447929.75	452221.56250	123774.3750000	14292.2802734375	3190284.000	1707237.5000	68226.60156250	955168.9375	326370.437500	109075.7656250	331912.250000	824137.7500	292438.937500	14711919
1961-01-01	492991.50000	1020954.0625	945409.5000	1246689.8750	920592.6875	4558495.500	346121.406250	1296630.3750	210277.2500000	3812752.50	3622415.25	469115.90625	128247.8671875	14991.7871093750	3419661.000	1906431.8750	71978.96093750	1009822.0625	337331.593750	114403.7734375	359841.375000	861607.4375	309569.093750	15205273
1962-01-01	514682.40625	1061094.7500	979162.3125	1302543.0000	965074.5000	4910170.500	365640.687500	1398660.0000	223120.4218750	4006590.25	3770085.00	483355.68750	133836.0000000	15553.1142578125	3662203.000	2115536.7500	75866.56250000	1065242.1250	347372.531250	118931.1406250	383244.000000	899011.5000	327902.750000	15759578
1963-01-01	536423.31250	1102491.5000	1011013.1875	1360152.7500	1008587.8125	5237584.000	380850.968750	1508939.7500	233533.7968750	4212690.00	3922392.75	507000.34375	140366.7343750	16473.2460937500	3915071.000	2346088.5000	79335.35156250	1119012.3750	356800.937500	124228.1328125	410756.812500	937251.0625	349138.343750	16361411
1964-01-01	565436.56250	1152808.7500	1056852.8750	1426171.3750	1056733.1250	5621086.000	403685.500000	1624396.3750	245218.2500000	4451620.50	4161111.50	535166.25000	147923.9218750	17748.3847656250	4125273.250	2616576.0000	83148.99218750	1189915.0000	366943.625000	130958.7421875	440934.343750	986027.2500	370270.781250	17023690
1965-01-01	594205.50000	1196973.5000	1100297.5000	1508542.5000	1097825.6250	6022950.500	428401.843750	1762575.6250	260697.9218750	4688170.00	4386783.50	570892.75000	156493.2812500	19123.8417968750	4303450.000	2886455.2500	86333.35937500	1263102.5000	379963.406250	139566.0781250	476933.281250	1038573.6250	390744.750000	17752528
1966-01-01	628173.25000	1244982.8750	1149123.7500	1599379.8750	1136324.2500	6393867.000	451524.187500	1917758.8750	275284.9375000	4947385.50	4596009.50	604999.87500	163305.5625000	20578.3476562500	4494215.000	3195099.7500	88783.25000000	1342972.0000	394057.406250	148724.7031250	511829.468750	1086449.2500	423983.343750	18530992
1967-01-01	659229.37500	1293922.3750	1195806.0000	1674526.6250	1176166.3750	6678766.000	475459.625000	2064105.0000	287941.2500000	5216563.00	4825987.00	638797.00000	170369.6718750	22184.7128906250	4724975.500	3578192.2500	89977.86718750	1428949.8750	411141.937500	154355.5312500	544734.125000	1132998.1250	455855.437500	19263546
1968-01-01	691860.18750	1352203.1250	1240756.2500	1750937.6250	1214639.5000	7012120.500	501044.250000	2220399.7500	300275.1875000	5494701.00	5080543.00	677616.75000	179742.8125000	23345.6542968750	4968680.500	4051512.2500	91031.28906250	1526155.7500	424082.562500	157708.0000000	578522.937500	1177827.5000	491594.500000	20015188
1969-01-01	727194.68750	1414031.3750	1293272.6250	1837414.7500	1256107.3750	7408280.500	532326.750000	2410424.2500	315066.5000000	5810064.50	5317999.50	729516.87500	192517.7500000	24191.4628906250	5253593.500	4607640.5000	92829.66406250	1615734.6250	434178.406250	163576.7187500	611040.437500	1227828.1250	527092.000000	20760190
1970-01-01	770421.50000	1473595.6250	1351375.1250	1909363.8750	1311230.5000	7845500.500	562714.187500	2587868.7500	335560.6250000	6132885.00	5543913.00	785195.18750	204095.4687500	25012.7890625000	5698253.000	5270958.0000	95554.42968750	1715088.8750	451608.687500	169367.0000000	661151.687500	1289896.2500	573060.000000	21404618
1971-01-01	821695.18750	1533065.1250	1403561.7500	1988901.2500	1373316.1250	8300380.000	592144.937500	2747532.7500	356153.8437500	6471339.50	5765316.50	847956.93750	216885.8593750	26500.5058593750	6128876.500	5929284.0000	98725.62500000	1815491.8750	474055.250000	176570.9062500	715512.125000	1347516.8750	610372.375000	22058786
1972-01-01	880089.75000	1592975.7500	1456096.3750	2071290.0000	1436926.1250	8749618.000	625446.875000	2938392.5000	377958.0625000	6820245.00	5971557.50	929743.56250	230692.4218750	27917.4121093750	6556769.000	6636369.0000	102080.28125000	1903548.3750	494026.843750	185503.5156250	777633.750000	1406686.8750	657656.937500	22805318
1973-01-01	935396.87500	1655112.1250	1512496.0000	2163195.0000	1500253.0000	9179683.000	660498.625000	3158602.5000	401875.1875000	7187110.50	6200223.00	1015093.43750	247756.8906250	29799.2714843750	7006262.000	7417648.0000	106071.77343750	1992344.2500	518001.500000	195144.2812500	845206.562500	1465315.1250	707462.812500	23631742
1974-01-01	991545.43750	1705167.1250	1572150.5000	2259268.5000	1554621.2500	9520939.000	689992.875000	3386240.7500	425868.2812500	7546949.50	6403790.50	1059666.75000	259987.6718750	31797.4140625000	7451115.500	8060056.5000	109292.71875000	2067461.6250	543755.750000	205698.1875000	902485.812500	1515607.3750	793630.812500	24335552
1975-01-01	1039952.25000	1757197.5000	1624869.5000	2357586.0000	1589552.6250	9813579.000	712969.062500	3583551.5000	450728.2187500	7856807.00	6586670.50	1111280.62500	270572.4062500	33433.7695312500	7829096.500	8662330.0000	111845.73437500	2135863.0000	573053.187500	214911.5625000	946714.437500	1565969.2500	876868.437500	24870554
1976-01-01	1089442.75000	1811559.8750	1678168.6250	2462962.2500	1612048.1250	10116110.000	743118.625000	3767092.7500	471145.1250000	8160464.50	6770677.50	1167083.00000	284111.2500000	34947.0781250000	8193644.500	9265911.0000	114091.78125000	2201672.5000	606114.625000	222614.7968750	989279.437500	1614890.5000	980954.812500	25504852
1977-01-01	1144724.12500	1867683.6250	1727801.6250	2568060.0000	1635808.5000	10434063.000	771485.375000	3938690.7500	489238.8750000	8441035.00	6935296.00	1232397.12500	297858.4687500	36728.9531250000	8559915.000	9870660.0000	116258.21875000	2274867.0000	639145.937500	227940.9218750	1039171.500000	1656193.3750	1042452.562500	26279794
1978-01-01	1190328.50000	1932241.1250	1776813.6250	2671612.0000	1664756.5000	10767020.000	799444.750000	4093666.7500	503709.7187500	8720247.00	7101870.00	1308627.25000	316375.9375000	38287.1289062500	8915287.000	10524471.0000	118310.17187500	2347110.7500	663233.000000	232824.7187500	1092006.000000	1686562.0000	1082106.625000	27203122
1979-01-01	1239555.37500	1995033.1250	1817838.5000	2782322.5000	1697238.8750	11123019.000	826228.687500	4228506.0000	519255.0000000	9000279.00	7269585.50	1388374.62500	338308.7500000	39747.5625000000	9294969.000	11204698.0000	120412.85937500	2410836.2500	687046.687500	236310.2187500	1141164.750000	1720599.8750	1124567.375000	28174168
1980-01-01	1289571.62500	2069984.0000	1871394.5000	2898366.7500	1737475.3750	11472935.000	846211.375000	4360663.0000	538292.7500000	9281640.00	7399249.50	1448512.62500	356629.0937500	41534.0781250000	9698096.000	11838825.0000	123137.74218750	2471544.0000	710630.125000	240410.3437500	1196376.500000	1756649.8750	1147900.125000	28983300
1981-01-01	1336712.50000	2149184.5000	1896866.0000	3029280.7500	1775634.5000	11764739.000	856371.000000	4483184.5000	557515.4375000	9541137.00	7477008.00	1497820.00000	377398.1562500	43275.9023437500	10062879.000	12456723.0000	125122.77343750	2514296.5000	735308.562500	246857.2187500	1253616.125000	1786656.5000	1199806.125000	29770400
1982-01-01	1372994.62500	2207012.5000	1916840.6250	3124849.5000	1805603.7500	12006718.000	869240.937500	4603711.5000	578365.8750000	9781079.00	7581993.50	1542927.12500	395431.5000000	44961.6718750000	10382647.000	13036598.0000	126962.85156250	2551823.7500	758957.625000	253703.9687500	1310029.750000	1815560.1250	1242781.625000	30400940
1983-01-01	1407546.75000	2267684.7500	1930552.0000	3214400.2500	1838115.1250	12257448.000	882993.875000	4715863.5000	600029.4375000	9990670.00	7706946.00	1592150.25000	408737.7187500	46209.8007812500	10677609.000	13589490.0000	127950.56250000	2590304.2500	784577.687500	261642.4843750	1356477.875000	1846153.0000	1286767.500000	31125586
1984-01-01	1440378.00000	2336902.5000	1946002.3750	3304437.2500	1873603.3750	12494805.000	900249.250000	4810045.5000	620398.5625000	10184452.00	7873744.50	1625669.75000	420432.1562500	47677.4492187500	10986806.000	14149387.0000	128864.60937500	2635844.7500	809393.875000	270240.3125000	1384377.250000	1883552.0000	1329842.750000	32101152
1985-01-01	1477251.37500	2409086.0000	1964501.2500	3409363.0000	1910683.8750	12720738.000	922810.125000	4917296.0000	642031.3125000	10379602.00	8051508.50	1665081.50000	428852.4687500	49122.9648437500	11287572.000	14728837.0000	129215.44531250	2688335.5000	829768.625000	279824.9375000	1409154.250000	1926947.3750	1384582.125000	33160382
1986-01-01	1513918.62500	2475880.0000	1984628.2500	3518892.5000	1954022.8750	12953003.000	953784.687500	5047181.0000	663361.6250000	10585801.00	8227372.50	1703598.75000	436227.5625000	50459.8085937500	11591656.000	15344431.0000	131267.59375000	2746368.7500	852175.437500	288100.4375000	1441602.375000	1967197.2500	1447751.125000	34217172
1987-01-01	1552960.12500	2548968.2500	2008634.6250	3647189.2500	1999309.1250	13184101.000	984131.437500	5204219.0000	686072.8125000	10808423.00	8447579.00	1737059.50000	443263.8125000	52292.3359375000	11910869.000	16036288.0000	134052.92187500	2801597.7500	874332.250000	297123.9062500	1487218.375000	2011055.0000	1569608.375000	35245904
1988-01-01	1597096.12500	2633667.2500	2048397.3750	3794485.2500	2052580.1250	13436262.000	1008411.062500	5393969.0000	712586.6250000	11068552.00	8748914.00	1771933.00000	451805.2187500	54045.5468750000	12260760.000	16849182.0000	137263.78125000	2867687.0000	895105.500000	304938.4375000	1544410.875000	2057247.6250	1681231.375000	36263700
1989-01-01	1643347.25000	2712927.7500	2099508.0000	3948999.5000	2108825.0000	13726373.000	1031966.062500	5613830.5000	743630.3125000	11358360.00	9069434.00	1810462.25000	463119.0625000	55468.3359375000	12620538.000	17704650.0000	140570.57812500	2933603.7500	910626.375000	313153.6875000	1602453.375000	2113330.0000	1791994.500000	37283480
1990-01-01	1692775.87500	2769505.2500	2157778.7500	4084620.5000	2167977.7500	14059705.000	1053218.500000	5844808.5000	770614.1250000	11658940.00	9339200.00	1851127.75000	478377.8437500	56934.5625000000	12990623.000	18591442.0000	143735.34375000	2998869.0000	919708.437500	320055.6875000	1665154.500000	2162853.5000	1927610.750000	38223836
1991-01-01	1748666.62500	2816451.2500	2205424.2500	4201081.0000	2219372.2500	14411917.000	1070920.250000	6068601.5000	786564.0000000	11934366.00	9526774.00	1893632.12500	490179.5000000	58420.4257812500	13347298.000	19460334.0000	147829.01562500	3060622.0000	928953.437500	323293.7812500	1726506.750000	2195131.0000	2054772.750000	38987080
1992-01-01	1801172.12500	2870618.5000	2251609.7500	4303794.0000	2254403.0000	14778004.000	1086429.750000	6262928.0000	795085.8750000	12180696.00	9703619.00	1931227.87500	501598.8125000	59513.8359375000	13670789.000	20222834.0000	150155.92187500	3120303.7500	937639.312500	326834.0000000	1788350.750000	2212373.5000	2187730.750000	39793464
1993-01-01	1849421.00000	2930325.0000	2291659.7500	4398278.0000	2282485.2500	15082446.000	1098585.250000	6412986.0000	797597.4375000	12374120.00	9875275.00	1963707.75000	510910.0937500	60309.3007812500	13882849.000	20855448.0000	153918.07812500	3172311.0000	949440.937500	333123.0000000	1839817.875000	2209749.2500	2370346.750000	40663208
1994-01-01	1901877.50000	3003980.5000	2330652.2500	4505443.0000	2315234.0000	15408579.000	1112868.625000	6565122.0000	800448.6250000	12566521.00	10076868.00	1992078.00000	523865.5312500	61104.3632812500	14091808.000	21421044.0000	157396.01562500	3224362.5000	963843.062500	341906.9687500	1891411.875000	2213558.7500	2494708.000000	41620812
1995-01-01	1951910.12500	3076581.2500	2372699.0000	4601809.0000	2353666.2500	15722324.000	1131588.875000	6739477.0000	808192.8750000	12755865.00	10291874.00	2021978.25000	542016.4375000	61849.3242187500	14340169.000	22009800.0000	159940.45312500	3283017.7500	979528.812500	352296.4687500	1947528.125000	2223535.5000	2633947.750000	42632688
1996-01-01	2004959.00000	3154458.0000	2412939.7500	4706733.0000	2387645.2500	16019278.000	1151481.125000	6914098.0000	819401.9375000	12937552.00	10521039.00	2056954.50000	566026.0625000	63170.4257812500	14593204.000	22656004.0000	162184.43750000	3348776.7500	999665.562500	362874.7812500	2006590.250000	2235832.7500	2800502.250000	43758388
1997-01-01	2055905.75000	3242560.2500	2459296.0000	4836438.0000	2424366.7500	16305674.000	1175369.750000	7099700.5000	834709.6875000	13110579.00	10712724.00	2092135.12500	596145.3125000	64795.9257812500	14844365.000	23215934.0000	165055.65625000	3420301.5000	1027090.937500	373605.9375000	2079382.750000	2246525.0000	2994961.750000	44977188
1998-01-01	2108087.75000	3330681.5000	2504925.5000	4964512.5000	2468843.7500	16609219.000	1200895.375000	7317226.5000	854099.4375000	13309446.00	10944358.00	2143041.00000	631632.3125000	66896.0625000000	15109714.000	23665848.0000	168861.57812500	3497799.7500	1060370.250000	381827.9062500	2163251.000000	2261466.2500	3158580.500000	46345160
1999-01-01	2158021.75000	3426859.5000	2552046.2500	5096083.5000	2511688.5000	16928360.000	1223103.875000	7564063.5000	874376.1250000	13542146.00	11167074.00	2196987.50000	672745.0000000	68667.5078125000	15389343.000	24064152.0000	174026.25000000	3587135.2500	1086803.875000	392490.9375000	2249878.750000	2278235.7500	3266062.000000	47827892
2000-01-01	2211959.75000	3497694.2500	2601961.5000	5232190.0000	2555740.2500	17241402.000	1248519.125000	7831237.5000	896772.6250000	13801956.00	11402752.00	2249798.25000	714328.5000000	70730.2421875000	15706383.000	24436214.0000	179535.12500000	3672651.2500	1108578.750000	401518.0312500	2336813.250000	2297585.2500	3429466.500000	49368264
2001-01-01	2260059.75000	3580112.2500	2649390.5000	5373983.0000	2591129.7500	17504746.000	1271239.750000	8104553.5000	918892.3125000	14057477.00	11630290.00	2304313.00000	757467.0625000	72444.9843750000	16022930.000	24751466.0000	182849.50000000	3753966.5000	1128279.000000	411909.8437500	2419842.750000	2315230.7500	3493476.000000	50734816
2002-01-01	2300148.75000	3681223.0000	2685413.0000	5510506.5000	2623513.5000	17693756.000	1290131.625000	8385983.0000	938143.3750000	14286075.00	11860468.00	2353935.75000	802099.8125000	73522.6093750000	16352395.000	24968428.0000	185569.15625000	3820755.5000	1146404.500000	423515.1562500	2492635.000000	2328260.2500	3602913.000000	51925836
2003-01-01	2342472.00000	3793365.7500	2718060.5000	5659421.0000	2651073.7500	17858990.000	1308499.750000	8690942.0000	958066.6875000	14514070.00	12094840.00	2416310.50000	850418.3125000	74862.3281250000	16655169.000	25157066.0000	190161.20312500	3880233.7500	1163915.500000	438121.7812500	2550467.000000	2341927.7500	3765194.750000	53183996
2004-01-01	2383225.00000	3910282.2500	2761351.0000	5831696.5000	2683957.2500	18013060.000	1328034.125000	9008774.0000	979629.2500000	14754241.00	12326425.00	2478102.00000	904231.5000000	77101.6953125000	16957444.000	25328236.0000	194220.75000000	3936650.5000	1187095.125000	453916.7187500	2605971.750000	2359169.5000	4023995.250000	54572836
2005-01-01	2421749.50000	4038025.5000	2810167.5000	6029150.5000	2719345.7500	18165114.000	1350405.375000	9354393.0000	1002029.4375000	15002390.00	12577713.00	2521139.00000	969754.1875000	80584.2890625000	17257988.000	25517398.0000	200754.73437500	3996148.0000	1217240.750000	470005.3750000	2658914.500000	2379216.2500	4341694.500000	56084492
2006-01-01	2459522.25000	4167987.2500	2858023.5000	6239972.0000	2759447.0000	18365856.000	1381434.000000	9729792.0000	1024142.5000000	15264812.00	12838273.00	2583640.75000	1038852.6875000	85164.7421875000	17565988.000	25687838.0000	204985.01562500	4065973.0000	1252370.125000	484190.1875000	2707930.000000	2406744.0000	4707134.000000	57575292
2007-01-01	2501365.75000	4311797.5000	2914184.5000	6451697.0000	2803673.0000	18579110.000	1410554.875000	10114355.0000	1051595.1250000	15556713.00	13112509.00	2662564.00000	1104379.0000000	88717.0000000000	17871752.000	25812344.0000	210033.64062500	4161991.7500	1295249.375000	499807.2812500	2758138.250000	2441047.0000	5073961.000000	58915288
2008-01-01	2542746.00000	4450216.5000	2969628.2500	6659252.0000	2843588.5000	18787008.000	1435327.125000	10450806.0000	1078018.1250000	15838764.00	13337418.00	2724349.75000	1154723.1250000	90894.7265625000	18130888.000	25871006.0000	216370.21875000	4243511.0000	1336390.375000	511859.5312500	2805466.500000	2471922.7500	5397748.500000	59981816
2009-01-01	2571160.25000	4585472.0000	3010390.7500	6806970.5000	2867854.7500	18897210.000	1447579.375000	10658191.0000	1094931.5000000	16031712.00	13463969.00	2762200.75000	1185782.2500000	90112.7031250000	18289088.000	25807278.0000	219601.10937500	4300422.5000	1368544.625000	520034.1250000	2839267.500000	2483172.7500	5583884.000000	60510764
2010-01-01	2594565.25000	4723137.5000	3049579.2500	6997022.5000	2896270.7500	19046654.000	1454684.375000	10828597.0000	1112684.8750000	16233566.00	13608539.00	2773865.75000	1202053.1250000	88985.7265625000	18444618.000	25730568.0000	223995.09375000	4340137.0000	1393712.375000	528833.3125000	2869750.500000	2500860.7500	5864574.000000	61054676
2011-01-01	2624820.00000	4886939.5000	3095370.7500	7201986.5000	2926518.0000	19250232.000	1461774.000000	10951607.0000	1132421.6250000	16442441.00	13738177.00	2759982.50000	1216262.3750000	88345.6953125000	18583714.000	25674478.0000	230340.32812500	4387491.5000	1423790.125000	538761.3750000	2883219.250000	2524020.0000	6262000.000000	61672640
2012-01-01	2654030.25000	5051751.5000	3140175.0000	7422571.0000	2961632.7500	19440828.000	1471092.375000	11031377.0000	1151527.1250000	16643018.00	13874200.00	2732633.50000	1239336.8750000	87932.8750000000	18642106.000	25655914.0000	236680.04687500	4418095.0000	1459120.000000	549421.0625000	2878642.500000	2543576.2500	6653204.500000	62435632
2013-01-01	2683170.25000	5203163.5000	3179373.2500	7642910.0000	2994462.0000	19611998.000	1481715.000000	11088036.0000	1167279.0000000	16827312.00	14028312.00	2704918.50000	1256005.7500000	87618.3125000000	18654624.000	25688360.0000	242742.43750000	4442651.5000	1498955.750000	562278.0625000	2870316.750000	2562083.0000	7124775.000000	63232936
2014-01-01	2709583.25000	5336625.0000	3225793.2500	7867178.5000	3028774.2500	19804594.000	1493647.125000	11158639.0000	1181666.1250000	17002714.00	14220592.00	2677834.00000	1284525.8750000	87778.2031250000	18655946.000	25749980.0000	249669.89062500	4460254.0000	1537187.625000	576891.3125000	2864391.000000	2586377.5000	7612426.000000	64124208
2015-01-01	2737204.75000	5454116.5000	3275991.5000	8058122.0000	3064308.2500	20002378.000	1508527.250000	11245735.0000	1196079.3750000	17175696.00	14437759.00	2652249.50000	1352987.1250000	88575.6562500000	18669296.000	25821588.0000	255230.18750000	4530820.0000	1570515.500000	591705.0625000	2863487.750000	2617171.0000	8153165.000000	65057808
2016-01-01	2768281.50000	5568053.0000	3330369.0000	8222411.5000	3102424.0000	20223006.000	1528214.125000	11336348.0000	1215640.2500000	17357436.00	14673724.00	2629300.00000	1476129.7500000	89909.8359375000	18707206.000	25880770.0000	261006.03125000	4575103.5000	1606412.750000	606583.6250000	2864199.250000	2650510.2500	8684472.000000	65974060
2017-01-01	2802257.00000	5693316.5000	3383567.0000	8399451.0000	3143936.2500	20453236.000	1549657.875000	11452465.0000	1237802.2500000	17562928.00	14915072.00	2612084.00000	1580245.8750000	91529.6328125000	18760780.000	25966408.0000	266885.18750000	4626151.5000	1643297.875000	623105.2500000	2874240.000000	2688589.5000	9267062.000000	66942704
2018-01-01	2838835.75000	5809769.0000	3439590.0000	8580742.0000	3183201.0000	20701212.000	1573451.500000	11590919.0000	1261921.8750000	17778742.00	15145127.00	2591668.25000	1659333.1250000	92957.7187500000	18828844.000	26049552.0000	271953.96875000	4683135.5000	1681167.750000	640016.8750000	2888201.250000	2725292.2500	9818555.000000	68007352
2019-01-01	2878111.25000	5913514.0000	3498441.5000	8757840.0000	3221460.2500	20957202.000	1598105.750000	11733525.0000	1284489.2500000	18013436.00	15374464.00	2569462.50000	1859457.3750000	94027.3906250000	18900204.000	26138818.0000	277529.21875000	4748428.0000	1723175.250000	656923.6250000	2905442.500000	2757360.2500	10213821.000000	69059072
