0.691983701529506
0.694927377271599
0.699589855456042
0.707232547165753
0.711488621373245
0.727317260007295
0.733286179109329
0.737280826549466
0.742492296873251
0.746541638206295
0.753910830214753
0.759088953486257
0.764886445275837
0.771469802849022
0.778395856478875
0.784476792542391
0.790884059296773
0.797098494674033
0.800780334049047
0.80608725498793
0.813755173301873
0.823039209164142
0.83461029312048
0.840871875526326
0.846216143436469
0.851174189742952
0.862056045727603
0.867830165089736
0.871112770469282
0.88158301123627
0.897320736770524
0.906377864385748
0.912174722740347
0.917878903353718
0.926902791554372
0.9345852186871
0.937984448131195
0.945770838736505
0.955049827369019
0.959201666123866
0.967449044520072
0.97455658274724
0.981195407732439
0.994895633550871
0.999808340508433
1.01099852327564
1.01650518173856
1.02299300701736
1.03236427341808
1.04300797978571
1.04933916000453
1.05754173760034
1.06960940112077
1.08274935592828
1.09017077955341
1.09840246649225
1.10252759412911
1.10534010677477
1.11694307970038
1.12201023547917
1.13642144907221
1.14434681178808
1.15245595210532
1.16117799479517
1.17061447641158
1.19114408471445
1.20135219026192
1.21134317303076
1.21993467843918
1.23128117560166
1.24135150475676
1.25019169199165
1.26065906521858
1.26325550631633
1.27311644246089
1.29657337128085
1.30790948379189
1.31785676828829
1.33962059861068
1.35746297116356
1.3717449556756
1.38867995520462
1.40599505512356
1.4176860640705
1.43889666226564
1.4579475622952
1.46842110991238
1.47790570304093
1.5036498298386
1.52377271051575
1.56245127224115
1.59507029400299
1.63897474449372
1.72426914178868
1.7486999634621
1.86738485071233
2.00931269196349
2.07389365114163
2.10542766901355
2.24553588783487
