3.59519133256208
3.59880136017861
3.60399387092729
3.60779481707925
3.61168863547473
3.61536184784743
3.62044197419496
3.62394699834191
3.62781789868301
3.63179729132699
3.63755583342974
3.64145365710033
3.64572118655265
3.65169038456917
3.65511508971147
3.65853915744478
3.66160729334032
3.66937558213712
3.6739459525543
3.67808369125722
3.68168547946959
3.68773059988476
3.692283718786
3.69522349806776
3.69968642126458
3.70452933952026
3.70835497660163
3.71424107524821
3.721107573865
3.72659112419572
3.73009196146451
3.73605789912328
3.74159283988607
3.74723525225149
3.75159198911107
3.75727174359905
3.76540545706457
3.77306562020974
3.77787816668209
3.78510882812061
3.79669891184292
3.80269594602444
3.80554853142794
3.81055039878807
3.81541973792753
3.82313445669707
3.82858616673543
3.83356658749671
3.83732901016906
3.84250572457156
3.84906602303741
3.85311941900072
3.86173528482458
3.86703361280914
3.87406086069679
3.87762125317764
3.88483479700276
3.89194358327141
3.90005448772502
3.90666092758628
3.91381479026304
3.91959396062
3.92604260927777
3.93524895572441
3.94254206889446
3.94602797585479
3.95278651642211
3.95810820491302
3.96469293551182
3.97405858791468
3.98347115819183
3.9930806287051
3.99956420884194
4.00918493401239
4.02143903674271
4.03062769525233
4.04196048829615
4.05106278150982
4.06328769202827
4.07781664023321
4.09606997040054
4.11241883849485
4.12866294422558
4.13616945965838
4.14408594693294
4.16266992262929
4.16965977025382
4.18920959542589
4.21331029753024
4.23690243018971
4.24749040827356
4.27978451344139
4.3149484608697
4.36310296772226
4.40301701999036
4.42314821382493
4.46590742375506
4.50752455334767
4.57366890292192
4.76662835413051
