0.760966029343821
0.76628244257646
0.771559780521029
0.779027690167779
0.790264605463203
0.792861461314101
0.795031559722655
0.800203471444058
0.806667882713705
0.819304437260678
0.823592091157641
0.83329764547024
0.838290797511534
0.842756721588957
0.850137077150315
0.856432062921774
0.858492008863142
0.861271351056081
0.870637705629784
0.876537170568202
0.878667101124715
0.888018790160847
0.893426549304875
0.901314639434071
0.909543067478487
0.912499465611106
0.919866914691297
0.924927993443444
0.928504385555162
0.935874248266451
0.945963563853524
0.960773605350858
0.969895037170465
0.979628444155978
0.983505298316093
0.987431758482406
0.993208118210247
1.00459804373172
1.00830455175333
1.01402289629156
1.02850535894511
1.03601657837426
1.04174365323793
1.04701119228608
1.05194628551543
1.06592961135354
1.07338591897454
1.08189566101074
1.09402587298603
1.10363839200374
1.11143046002547
1.12657927294395
1.13488557313846
1.14291511077614
1.14981063418226
1.1625350588764
1.16883392285643
1.17958065712268
1.18519472079421
1.19927585326075
1.21072025554286
1.21633206692551
1.22265584892771
1.23017473589142
1.23912076654046
1.25031207426024
1.25606055254923
1.26966206351161
1.27802387078503
1.300744618336
1.31113029616329
1.32049285513524
1.33355041210232
1.35404811614345
1.37688966220821
1.3915664160016
1.41470967810764
1.43459068391547
1.4535091843967
1.47566467679922
1.48606750374136
1.50161859535562
1.51224863816416
1.52885790650268
1.53677349644939
1.55206198694824
1.591375188857
1.63445011666404
1.66694885868988
1.70076639465617
1.71958203134996
1.74455929027813
1.76137971458005
1.77811983587034
1.82731649792633
1.85956796729038
1.90651969744545
1.944534288714
2.09181453235935
2.25944488589364
