2.90505754025345
2.91041313867997
2.92181686101384
2.93006351394978
2.93249531325378
2.93775306170869
2.94596270449801
2.94912479569691
2.95625172946118
2.96290070660023
2.96542744037202
2.96852803373416
2.971567050348
2.97607208286913
2.98118507648829
2.98762580747486
2.99285595804708
2.99572130672536
2.99904021191777
3.00227844370957
3.01058511664588
3.01323376435077
3.01621360535954
3.02416856854016
3.03145438400902
3.03740097603406
3.0414369020617
3.04771676001082
3.05592762376527
3.06437697990244
3.06864143372339
3.07763553913254
3.08227878625306
3.09046948401213
3.09618192224607
3.09940909317699
3.10954346660686
3.11555090511103
3.12246498105351
3.12764411165715
3.13349494176956
3.14056229686454
3.1441810102515
3.14849140142554
3.15200996519089
3.15757161835703
3.16646334957423
3.17697751389151
3.18527576014485
3.18696682076083
3.19644469359307
3.20536219006296
3.20918150796905
3.22049363656813
3.23196373443499
3.23548948135062
3.24213958638956
3.25128885647857
3.25575347923283
3.26607866809745
3.27395276232086
3.28030339329651
3.28405781238765
3.28997148892651
3.30575076090543
3.31028948197347
3.31895714136869
3.32549746918814
3.33833531066477
3.34782091974301
3.357817814779
3.38109285141374
3.384259920746
3.39488739177182
3.40751055419283
3.42330982112825
3.43083653230468
3.43767167350951
3.46584211542837
3.4823844857467
3.49814005604552
3.532782688918
3.55147853668839
3.56930258134618
3.58676850953777
3.61519580201894
3.6261968882089
3.66090821829284
3.69192676229369
3.7268957691736
3.74096007835472
3.7473181007773
3.77724700091476
3.80536194936889
3.84377885897562
3.88848362887339
3.95200658336854
4.04628717968544
4.08568145342811
4.18165909250014
