1.00939142440486
1.02220242108226
1.02557480911148
1.03264890269154
1.03885468767101
1.04339963649651
1.04747158109606
1.05107405776974
1.06045148579206
1.06637497656749
1.07289111782113
1.07705486610959
1.0803665078748
1.08628822459175
1.09314910291809
1.0998784074203
1.11077688510983
1.12180566611464
1.12839885094629
1.13627343506938
1.14290022973915
1.14796871804798
1.1568809591253
1.16319583881916
1.1770156941442
1.1852960851552
1.19132821995722
1.19873491581599
1.20567476475198
1.20795823963241
1.2161932943791
1.22601097779189
1.24942233368772
1.25281356613551
1.26026512066801
1.2661183353215
1.27884027292152
1.28884572067098
1.29791333127483
1.30466694509122
1.31273287322638
1.31758195889047
1.32515747489786
1.33245052621616
1.34634839926144
1.35054989737335
1.35507457288468
1.3676867546945
1.37422043477691
1.37657600507599
1.38475138691407
1.39161547581637
1.40006628336595
1.41111711773011
1.41392602152009
1.41879780456857
1.42704831491955
1.43278307681584
1.44472753527491
1.4512585073676
1.46066066833881
1.46561134525438
1.47824938979726
1.48686830728501
1.49514531161912
1.50832470340224
1.51777744778758
1.52597082982828
1.53217637884695
1.53681550925052
1.54351890419016
1.55550349433916
1.56513135738197
1.57713009934557
1.59994868711924
1.6137752580506
1.62713012175244
1.64238630891751
1.67131486693338
1.67819258817481
1.68734700702084
1.69915144799546
1.71799218865193
1.7347837661898
1.74489970759248
1.76421094362223
1.78830014670925
1.81408677655423
1.83246252177163
1.83936255902073
1.87290957482491
1.92032114321091
1.9714768615971
2.05030985270867
2.12614932798416
2.15731984823666
2.24778983614534
2.31659484827765
2.44565394913897
2.62571910834974
