1.1722511586481
1.17835184402437
1.18279656801169
1.18811047324621
1.19259957919707
1.19648991706518
1.20469992433684
1.21164720229312
1.22012035183153
1.22700129234759
1.23288107136134
1.23892563757097
1.24424210170319
1.25033005792417
1.25727324924957
1.26687449306504
1.27844441767612
1.28385597721488
1.28894387066091
1.29507614397484
1.30042425660297
1.30515210223665
1.31136435977518
1.31712015127564
1.32379460293112
1.33013382408302
1.33637598993833
1.34326878848315
1.3481650283386
1.35316996399472
1.35804691002496
1.36301526398613
1.36733758418835
1.37126858011046
1.37782489079176
1.38509443944271
1.39507568275781
1.40230099100573
1.40721671583686
1.4140812874424
1.42032225622347
1.42573772827632
1.43095162785147
1.43858864210832
1.44584253848198
1.45466611181655
1.45980365636707
1.46742883579925
1.47291359660151
1.48302003554911
1.49524098889509
1.50029583397654
1.50746852648602
1.51227686074383
1.51717718094385
1.52364657398875
1.5333000992702
1.53932832009377
1.54858830218193
1.55252396324337
1.56710389381208
1.57778995826093
1.592025671938
1.59959326184576
1.60802519965782
1.62516125724102
1.6345973579429
1.64083225354315
1.65056991860914
1.66508493125135
1.67779000771443
1.68643829277238
1.69964053726215
1.7104655133019
1.72318708293335
1.73647714493913
1.75287557329903
1.76214028225776
1.78038541017192
1.78758729143598
1.79362901660944
1.80669866364077
1.8197330084675
1.83504777343822
1.84288867542123
1.85946420766559
1.88446764833248
1.90861370556729
1.93046971152451
1.95006538063106
1.97827339645195
2.0071886073702
2.035465881391
2.06780272448956
2.0947381768826
2.12584809813463
2.19954929717061
2.29057267252579
2.36251844048142
2.53354691766603
