3.37547661163615
3.38107472229377
3.38295334369639
3.38522111532427
3.38821272400471
3.39184949778086
3.39419206282305
3.39724568885477
3.40441160034499
3.40790796632725
3.41099251934632
3.41340485616296
3.41574954259251
3.41953934926601
3.42199084171269
3.42606845189866
3.43047777396258
3.43899427734534
3.44521369308105
3.45011638920934
3.45510560298044
3.46341764089617
3.46656055533342
3.47081457327714
3.47375976424866
3.47635867298631
3.48118182300481
3.4865002651506
3.48938399218632
3.49684045509768
3.50257595646647
3.50807590055105
3.51403736306444
3.51880644644156
3.5239557693354
3.52985299827389
3.53040889457444
3.53298273252281
3.53908145569389
3.54229196676719
3.54665284300779
3.55671712568583
3.56514676910848
3.56769094786322
3.57333820594779
3.57961755013893
3.5863263708948
3.5915768550198
3.59842725516389
3.61385310147045
3.62080058190521
3.63058626297586
3.63761104220417
3.64750929799927
3.6520321821975
3.65540418022108
3.66475034065342
3.67514720309885
3.68027590524008
3.68867288581829
3.69504025901201
3.70122493780442
3.70924014919573
3.72164325738209
3.73212584992478
3.73802628625277
3.74658293535517
3.75757204199816
3.76390178166411
3.76704017159859
3.775443791636
3.77907470430971
3.78909672334291
3.80316674737518
3.82273472524586
3.83929892288461
3.845007537896
3.85470263174461
3.86477368222511
3.87411867202707
3.88503144820515
3.90490434238229
3.93356961420521
3.96110729297319
3.9856800632995
4.003596345586
4.01580511053668
4.03347487791874
4.05469416511296
4.07129221016222
4.09136110160908
4.13928183453634
4.16811196828683
4.20523740136237
4.25902478408807
4.33341061468642
4.4149429474718
4.52144633852049
4.63825180766618
4.76669571163423
