1.13463038162802
1.13958898650029
1.14311827024985
1.14824254490784
1.15823646452037
1.16405411493609
1.16941086192225
1.17886934289042
1.18245155200991
1.1874510319399
1.19262145865871
1.19880536328419
1.20599778836369
1.21769121826492
1.22060821814124
1.22846492390014
1.23288578861139
1.238013850782
1.25156150858979
1.26173055194669
1.27305347733254
1.27580361518898
1.27838607550435
1.28661840791898
1.29583177372241
1.30385219665352
1.31648344795902
1.32076281329296
1.32884254696012
1.33644797488456
1.34144030245517
1.34760068886589
1.35280930083864
1.35812210918496
1.36303260369871
1.37022104602924
1.37651743366213
1.38450889455106
1.39202842077638
1.39717995358254
1.40560209136233
1.40933706195987
1.42356333812541
1.4305694662059
1.43890210759805
1.45222957184045
1.46063805408713
1.47163636100923
1.4749668043107
1.47944265166928
1.49270926227655
1.49688428665698
1.50953823466765
1.5143779440127
1.52211461596591
1.53307652200931
1.54399710161123
1.55561386096363
1.5666505793845
1.57010387922915
1.57826049130008
1.59013896271546
1.60141960283768
1.61408335913877
1.61773185936333
1.63322556457885
1.65981800034768
1.66850677566634
1.67947481660906
1.69063573417667
1.69765950922449
1.7092280645456
1.71849346964704
1.72705287514065
1.73246165798684
1.74069019502501
1.75654771445038
1.76189556166834
1.77038164343172
1.78334708670392
1.79139351091409
1.81320933218711
1.82438309675746
1.85079376718494
1.86607289613279
1.88082393861876
1.88982227034929
1.92641260650105
1.94579238492889
1.95589394748969
1.97473378542802
1.98993458214228
2.0182815407049
2.04005222380251
2.08977042727781
2.12279621190169
2.18596403542671
2.25381580446117
2.3560643454564
2.49654404858664
