3.16776086166977
3.1747267137676
3.18022453437973
3.18507879649379
3.19074317901562
3.19365626539965
3.1993695547845
3.20423701179347
3.20848744355897
3.2163720827823
3.2217368058718
3.23158934058117
3.23522596450794
3.24225414341837
3.24591996873336
3.24995813863677
3.25723764568873
3.26322529126254
3.26618001155034
3.27475020954179
3.28090270670325
3.28827607909188
3.2940962332203
3.2990179927988
3.3078102104041
3.31294821404919
3.31637770879446
3.32499590711343
3.33329520661334
3.33800333399343
3.34450835422752
3.34875965406408
3.35612560944376
3.35922686697119
3.36728042785905
3.37557671379282
3.38124383080081
3.38925603268356
3.39500726136077
3.40155978643255
3.40947789166476
3.41174106346496
3.42121765858238
3.42788086171816
3.43686596710668
3.4467726988371
3.45660597462811
3.46058303522083
3.46816870809695
3.47629431683472
3.48467877925166
3.49105897511724
3.49845957666874
3.50448311224627
3.51218872276961
3.51882196460604
3.52386842837694
3.52916039494722
3.53785775080804
3.54509808532615
3.55189283420872
3.55613639185176
3.56714778454988
3.58574860192457
3.59386423642463
3.60324682802981
3.61014628213791
3.61893630131415
3.63059755824243
3.64446453742043
3.65474416663106
3.66831819620495
3.67425678176068
3.67996897362369
3.6836970611964
3.6898960129336
3.69917878685096
3.70190364861569
3.72311479690587
3.74861454219186
3.76647536053572
3.77799429521197
3.78939413529669
3.79761002914326
3.80770429654481
3.81616596481472
3.8437735845896
3.85735030740068
3.87967439172421
3.89923823100047
3.90622087441533
3.92810289978378
3.9648435869648
3.99570138728104
4.0251895618521
4.09917429867399
4.21459141933037
4.23201191369713
4.31677803685759
4.57476304154958
