0.934113735006108
0.941528372946274
0.945352078384526
0.954152298203708
0.96029140579482
0.964326321119473
0.970541072311168
0.976466313712207
0.983252916337955
0.987901684667125
0.992621726330084
0.999830263009846
1.00510876314666
1.01057868894881
1.01639364936157
1.01913368697083
1.02866651925531
1.0320558413828
1.03802265340213
1.04358135567993
1.0504550966013
1.05553569037395
1.06116801262767
1.06570734460965
1.0724135632273
1.07803678582744
1.0826301091929
1.09121281844553
1.09761207512015
1.10436093719452
1.11024765212553
1.1172986685321
1.1256596709435
1.1303959759841
1.13867969890304
1.14987297686793
1.15786124626777
1.16632798356347
1.17549563391827
1.18799676337191
1.19833332594506
1.20296647957321
1.20579350318237
1.20995733249799
1.21516805036368
1.22271600718486
1.2291161958093
1.23337424490859
1.23888492322318
1.25064365215544
1.25528012114585
1.26371512445366
1.27381098637556
1.27848274695967
1.28289564603037
1.29085214828899
1.29626513046227
1.30146525455149
1.30882805615095
1.31937648613043
1.32703387910927
1.34250305131211
1.35211074281077
1.35958602222051
1.36748046003713
1.37588404767253
1.39015402876027
1.40905190799639
1.41528650271135
1.42777556782102
1.44812183200773
1.4630056021548
1.47474673341991
1.48804733920791
1.50069025149702
1.51166203944634
1.5196583847086
1.53186984131503
1.54370123277787
1.56002998462218
1.58214816677747
1.59728172161374
1.61928086761686
1.6332346122697
1.65661653544708
1.67319789963957
1.70007982553505
1.72623506799949
1.74700245573279
1.77911734719038
1.7905003912635
1.82747354291384
1.85421734351503
1.87958474201587
1.91232551197319
1.9469160354843
2.00367761314182
2.06220774090847
2.14593493849442
2.40537027019119
