0.858116749592491
0.86089319768977
0.863192283319162
0.870021568770773
0.880922663226101
0.88548150927177
0.887192998604483
0.890282316930541
0.902282178545797
0.909464406716314
0.914162116950103
0.922587916000219
0.928893316250774
0.932838793157105
0.936308236553312
0.938093592069247
0.940020369083573
0.944811171985697
0.949116745932228
0.953382828168817
0.964910602817058
0.972266254063733
0.980147497050477
0.992462552214895
0.998385908696748
1.00310934790049
1.01027346724829
1.01805980893892
1.02400600625651
1.03294691288541
1.03920992459682
1.05175437392592
1.05611896687506
1.05959912401153
1.06434934204917
1.06841132361333
1.07685074885703
1.08060518760989
1.08659295557394
1.09459110367027
1.10048171615199
1.11320660164147
1.12096568423648
1.13874165561962
1.14763970062574
1.15529429043892
1.16793767202813
1.17784556878221
1.18662003206442
1.20062812558676
1.21052080792543
1.21573616768783
1.23146740408872
1.24230244408928
1.25548394921684
1.26322999430519
1.26588252816037
1.27244958516277
1.28547091533156
1.29763510432937
1.30757740267108
1.31909020200008
1.33468973652605
1.34138892103955
1.35218089651562
1.36066674158223
1.37409033179319
1.39409724727778
1.40122602002406
1.4171861224778
1.43378203653026
1.44700678672658
1.45576912895561
1.46669967246451
1.47974500845396
1.48617416756189
1.5061889911195
1.53014891928595
1.54790513725228
1.55946967492414
1.57206190612595
1.59791758752176
1.6160113142156
1.63709375251874
1.66341713598447
1.69799193678408
1.73848338498754
1.77042495441159
1.79392881997831
1.82927739691896
1.85329625539235
1.88366998295804
1.9278711335833
2.00876056986105
2.08561617426315
2.16722324641842
2.24802794952537
2.35598664577235
2.55566280009843
2.73965499027026
