1.0469172454276
1.05171703158528
1.05769990087747
1.06097577028245
1.0650030324971
1.07022950801898
1.07388715927234
1.07813486640763
1.08462755230748
1.09061294673681
1.09674129708822
1.1034071448625
1.10674802736973
1.11167374755336
1.11835691767296
1.12403773078719
1.12790732191588
1.13619192247409
1.14156700651631
1.14860646417262
1.15360051412796
1.15908754562671
1.16620172252885
1.17368124274384
1.18348850361136
1.18895670505859
1.19912370560743
1.20256289749861
1.20750497565731
1.21703769877807
1.22471668268838
1.2302700330827
1.23841644792292
1.24295002331573
1.25146971838939
1.25443534995226
1.2687786083523
1.27146773084181
1.27664727071629
1.28603475909877
1.30101539971527
1.31205451093255
1.31548734863226
1.32837292810061
1.34387002074923
1.34816004243866
1.35175515089532
1.35674651774312
1.36158314981778
1.37350632297026
1.37867661316445
1.38511878483822
1.39386076005101
1.40301804341725
1.42326713305741
1.43091982456976
1.44163310035865
1.44905428541774
1.46150853524965
1.46841364196339
1.47410110851606
1.48933686775155
1.50288468337248
1.52251118491466
1.53027162955251
1.54581555696249
1.55349575193789
1.57024160633091
1.58370437638924
1.59676583239928
1.60762378402131
1.61902178776048
1.63947761801605
1.64763499264034
1.66939528772253
1.68679347892287
1.70002991638583
1.71580917445423
1.72626810595083
1.73801741568952
1.77577030795324
1.79773788942112
1.82054522646911
1.83613030832261
1.86178898885453
1.879553421579
1.9014038082014
1.93290284091816
1.96210470231963
1.99357930660191
2.03656964719914
2.09288085050783
2.14978010766993
2.17523712665434
2.21214649432716
2.31875978183109
2.39705142976654
2.51841029491588
2.62615797588038
2.89121857332163
