3.14552549012194
3.14973921742322
3.15212536491938
3.15357238835481
3.15815828591624
3.16501414058183
3.16830383621141
3.17330265549244
3.17602265249985
3.18377591085594
3.188760273892
3.19189079613321
3.19644594181292
3.19949782502326
3.20306724922108
3.20777754824298
3.21195832214787
3.21556232409733
3.21984612131003
3.22392907160007
3.22844646342951
3.2302611369429
3.23414037909525
3.23897562487233
3.24136146294944
3.24416129692746
3.24693426633011
3.25522102694403
3.25863771127621
3.26289679364994
3.27542512567352
3.28125987045992
3.28713588008937
3.29108628358258
3.29892427970139
3.30508863963418
3.31275322520781
3.31983031965089
3.32904038541286
3.33309087880616
3.34310439159496
3.35189052837381
3.35704493765982
3.36292530608494
3.37184119353896
3.37574929954878
3.37945721356462
3.38737950769756
3.39471732401957
3.40255976745249
3.40797737888012
3.41285657285422
3.42296404519295
3.42827852882934
3.4332283040799
3.44145687454539
3.44519237390528
3.4515475745976
3.46030560364613
3.47105829990845
3.47906435854538
3.48974173628605
3.50221023001584
3.51348974482191
3.52215298485283
3.52832875968384
3.53911550012487
3.55157067420074
3.55799341167884
3.56478953491209
3.57501644859397
3.59927646026665
3.60515385698049
3.6204392637518
3.62482019003856
3.64659119165549
3.65920987580124
3.6671901132426
3.67568859139129
3.694113098019
3.71213824296608
3.73194183718213
3.75455782537589
3.77387204982044
3.77944916934655
3.81135864829302
3.82689673464351
3.86138611824235
3.8779594238377
3.91178241764305
3.9366620883992
3.98536597748688
4.01547892120845
4.07370170173269
4.14529427730473
4.22999336409112
4.29477099444212
4.36041099543571
4.47230297523662
4.50938144353353
