3.37537663363926
3.38047022395805
3.38395486708148
3.38862425382832
3.39519256198244
3.40269583077158
3.40769584396408
3.41061865864107
3.41404271418745
3.41523711023154
3.41936962696515
3.42505091141666
3.43175288322112
3.43951682525452
3.44154724257902
3.44381875101621
3.45139041710116
3.45372429685683
3.45793728393798
3.46145896778644
3.46840681423281
3.47350169412233
3.47912458991803
3.4839031704436
3.48894922160623
3.4948006690463
3.5050236009413
3.51186312336332
3.51431389266842
3.51890262400171
3.52174287113497
3.52338145480815
3.52758933892756
3.53444068779251
3.53944926888713
3.54306837750328
3.54767654980118
3.55154688528343
3.55620071695814
3.55787428376248
3.56135564632612
3.57060057577814
3.57482309872162
3.58174570310651
3.59572874663641
3.5993337679139
3.60359047603855
3.6078119294049
3.61456717599327
3.61970355537625
3.62530761770961
3.63352365585852
3.64803749082144
3.65658359501562
3.65925872878341
3.66312802432426
3.66919183622857
3.67579446708152
3.69042175644846
3.70459031272034
3.71190606975566
3.7225836250965
3.72671576877671
3.73162641681959
3.73597118656933
3.74937712152991
3.75473193750117
3.7624944905906
3.7737017567857
3.77834344076282
3.7890115778338
3.79568641555132
3.82288940702834
3.8383704749521
3.85601197680368
3.86437615164026
3.87659325258526
3.89623005400062
3.9040854484978
3.91512108136808
3.93576742955067
3.9571718287913
3.98476438658375
3.99610577430894
4.00566504846064
4.02022332215187
4.05056170996238
4.06541586710288
4.08735734273515
4.11969946019098
4.14545434100283
4.17167951765001
4.2243878791739
4.26930713673444
4.29478355107027
4.31057348980829
4.36634699531053
4.41727229693941
4.50228498475839
4.72062604522496
